0.17673
-0.65895
0.42361
-0.51011
-1.01127
-0.30032
0.97176
-0.49513
-0.41109
-0.21214
0.78385
-0.21129
-0.45596
-0.97512
-0.86675
-0.55688
-0.08988
-0.80290
1.08491
0.13790
-0.80352
0.43486
-0.49676
-0.42957
-0.43883
-1.01209
-0.75215
-0.75024
-0.82957
-1.05860
0.11443
-0.05920
-1.11010
1.01322
0.01067
-0.88023
1.31118
-0.26646
0.26774
-0.45161
-0.25982
1.23856
-0.24749
-1.20430
-0.81715
0.25086
-0.17440
-0.54003
1.08074
-0.15555
-0.56722
0.87989
0.51282
-0.66588
0.11433
0.39713
1.13394
0.25082
-0.70505
0.75814
-0.45473
1.06308
-0.48067
-0.10109
-0.36690
-0.72789
-0.84334
-0.73527
-0.57939
-0.73138
-1.00374
-0.34500
-0.56589
-0.91971
-0.66001
-0.82182
-0.56672
-0.73514
-0.99382
-0.20070
-0.44333
-0.16491
-0.19470
-0.21374
1.28285
-0.55941
-0.67093
1.13455
1.04676
-0.76609
-0.43387
-0.07980
-0.13369
-0.82001
-0.86706
0.47404
-0.28952
-0.24732
-0.38757
0.77231
